  1.000000e-5 2.043634e+1 2.000000e-5 2.043634e+1 5.000000e-5 2.043634e+1
  1.000000e-4 2.043633e+1 2.000000e-4 2.043633e+1 5.000000e-4 2.043633e+1
  1.000000e-3 2.043633e+1 2.000000e-3 2.043633e+1 5.000000e-3 2.043633e+1
  1.000000e-2 2.043633e+1 2.530000e-2 2.043633e+1 5.000000e-2 2.043633e+1
  1.000000e-1 2.043632e+1 2.000000e-1 2.043631e+1 5.000000e-1 2.043627e+1
  1.000000e+0 2.043620e+1 2.000000e+0 2.043606e+1 5.000000e+0 2.043566e+1
  1.000000e+1 2.043499e+1 2.000000e+1 2.043364e+1 5.000000e+1 2.042960e+1
  1.000000e+2 2.042288e+1 2.000000e+2 2.040944e+1 5.000000e+2 2.036926e+1
  1.000000e+3 2.030269e+1 2.000000e+3 2.017105e+1 4.000000e+3 1.991352e+1
  6.000000e+3 1.966341e+1 8.000000e+3 1.942040e+1 1.000000e+4 1.918418e+1
  1.500000e+4 1.862156e+1 2.000000e+4 1.809567e+1 4.000000e+4 1.629554e+1
  6.000000e+4 1.486728e+1 8.000000e+4 1.370583e+1 1.000000e+5 1.274229e+1
  1.500000e+5 1.092340e+1 2.000000e+5 9.643178e+0 3.000000e+5 7.951949e+0
  4.000000e+5 6.876412e+0 5.000000e+5 6.125445e+0 6.000000e+5 5.566879e+0
  7.000000e+5 5.132010e+0 8.000000e+5 4.781570e+0 9.000000e+5 4.491471e+0
  1.000000e+6 4.246104e+0 1.200000e+6 3.850454e+0 1.400000e+6 3.541748e+0
  1.600000e+6 3.291314e+0 1.800000e+6 3.082187e+0 2.000000e+6 2.903645e+0
  2.200000e+6 2.748543e+0 2.400000e+6 2.611918e+0 2.600000e+6 2.490197e+0
  2.800000e+6 2.380736e+0 3.000000e+6 2.281521e+0 3.200000e+6 2.190993e+0
  3.400000e+6 2.107917e+0 3.600000e+6 2.031301e+0 3.800000e+6 1.960334e+0
  4.000000e+6 1.894349e+0 4.200000e+6 1.832787e+0 4.400000e+6 1.775177e+0
  4.600000e+6 1.721118e+0 4.800000e+6 1.670264e+0 5.000000e+6 1.622318e+0
  5.500000e+6 1.513553e+0 6.000000e+6 1.418157e+0 6.500000e+6 1.333709e+0
  7.000000e+6 1.258367e+0 7.500000e+6 1.190697e+0 8.000000e+6 1.129564e+0
  8.500000e+6 1.074052e+0 9.000000e+6 1.023415e+0 9.500000e+6 9.770347e-1
  1.000000e+7 9.343974e-1 1.050000e+7 8.950685e-1 1.100000e+7 8.586796e-1
  1.150000e+7 8.249154e-1 1.200000e+7 7.935044e-1 1.250000e+7 7.642113e-1
  1.300000e+7 7.368313e-1 1.350000e+7 7.111848e-1 1.400000e+7 6.871141e-1
  1.450000e+7 6.644799e-1 1.500000e+7 6.431586e-1 1.550000e+7 6.230401e-1
  1.600000e+7 6.040262e-1 1.650000e+7 5.860290e-1 1.700000e+7 5.689692e-1
  1.750000e+7 5.527757e-1 1.800000e+7 5.373840e-1 1.850000e+7 5.227359e-1
  1.900000e+7 5.087783e-1 1.950000e+7 4.954630e-1 2.000000e+7 4.827462e-1
