  1.000000e-5 1.669994e+1 2.000000e-5 1.180864e+1 5.000000e-5 7.468441e+0
  1.000000e-4 5.280985e+0 2.000000e-4 3.734221e+0 5.000000e-4 2.361728e+0
  1.000000e-3 1.669994e+0 2.000000e-3 1.180864e+0 5.000000e-3 7.468441e-1
  1.000000e-2 5.280985e-1 2.530000e-2 3.320126e-1 5.000000e-2 2.361728e-1
  1.000000e-1 1.669993e-1 2.000000e-1 1.180863e-1 5.000000e-1 7.468415e-2
  1.000000e+0 5.280948e-2 2.000000e+0 3.734168e-2 5.000000e+0 2.361645e-2
  1.000000e+1 1.669877e-2 2.000000e+1 1.180698e-2 5.000000e+1 7.465816e-3
  1.000000e+2 5.277275e-3 2.000000e+2 3.728978e-3 5.000000e+2 2.353460e-3
  1.000000e+3 1.658348e-3 2.000000e+3 1.164526e-3 4.000000e+3 8.122556e-4
  6.000000e+3 6.543522e-4 8.000000e+3 5.592552e-4 1.000000e+4 4.937688e-4
  1.500000e+4 3.906824e-4 2.000000e+4 3.283054e-4 4.000000e+4 2.082663e-4
  6.000000e+4 1.550608e-4 8.000000e+4 1.241126e-4 1.000000e+5 1.037740e-4
  1.500000e+5 7.450778e-5 2.000000e+5 5.927795e-5 3.000000e+5 4.460357e-5
  4.000000e+5 3.827476e-5 5.000000e+5 3.529043e-5 6.000000e+5 3.389904e-5
  7.000000e+5 3.334204e-5 8.000000e+5 3.324413e-5 9.000000e+5 3.340211e-5
  1.000000e+6 3.369898e-5 1.200000e+6 3.445546e-5 1.400000e+6 3.521705e-5
  1.600000e+6 3.587303e-5 1.800000e+6 3.638957e-5 2.000000e+6 3.676631e-5
  2.200000e+6 3.701693e-5 2.400000e+6 3.715993e-5 2.600000e+6 3.721435e-5
  2.800000e+6 3.719773e-5 3.000000e+6 3.712539e-5 3.200000e+6 3.701023e-5
  3.400000e+6 3.686289e-5 3.600000e+6 3.669203e-5 3.800000e+6 3.650457e-5
  4.000000e+6 3.630600e-5 4.200000e+6 3.610063e-5 4.400000e+6 3.589183e-5
  4.600000e+6 3.568218e-5 4.800000e+6 3.547364e-5 5.000000e+6 3.526769e-5
  5.500000e+6 3.477049e-5 6.000000e+6 3.430506e-5 6.500000e+6 3.387418e-5
  7.000000e+6 3.347699e-5 7.500000e+6 3.311084e-5 8.000000e+6 3.277233e-5
  8.500000e+6 3.245788e-5 9.000000e+6 3.216400e-5 9.500000e+6 3.188749e-5
  1.000000e+7 3.162545e-5 1.050000e+7 3.137531e-5 1.100000e+7 3.113485e-5
  1.150000e+7 3.090214e-5 1.200000e+7 3.067552e-5 1.250000e+7 3.045360e-5
  1.300000e+7 3.023518e-5 1.350000e+7 3.001928e-5 1.400000e+7 2.980507e-5
  1.450000e+7 2.959190e-5 1.500000e+7 2.937920e-5 1.550000e+7 2.916656e-5
  1.600000e+7 2.895363e-5 1.650000e+7 2.874018e-5 1.700000e+7 2.852603e-5
  1.750000e+7 2.831107e-5 1.800000e+7 2.809523e-5 1.850000e+7 2.787851e-5
  1.900000e+7 2.766095e-5 1.950000e+7 2.744259e-5 2.000000e+7 2.722354e-5
