  1.367435e+7 0.000000e+0 1.385000e+7 3.26200e-14 1.400000e+7 6.04765e-14
  1.405000e+7 6.97620e-14 1.425000e+7 1.06904e-13 1.445000e+7 1.44046e-13
  1.450000e+7 1.53331e-13 1.465000e+7 1.81188e-13 1.485000e+7 2.18330e-13
  1.500000e+7 2.46187e-13 1.505000e+7 7.91151e-12 1.525000e+7 1.45485e-10
  1.545000e+7 3.47634e-10 1.550000e+7 3.91622e-10 1.565000e+7 5.275930e-9
  1.585000e+7 2.095983e-8 1.600000e+7 3.355525e-8 1.620500e+7 2.326718e-7
  1.641000e+7 6.404813e-7 1.650000e+7 8.241549e-7 1.661500e+7 1.483471e-6
  1.665160e+7 1.857329e-6 1.682000e+7 4.344724e-6 1.700000e+7 7.843688e-6
  1.702500e+7 8.445943e-6 1.723000e+7 1.904449e-5 1.743500e+7 3.543143e-5
  1.750000e+7 4.085522e-5 1.764000e+7 5.665790e-5 1.784500e+7 9.033182e-5
  1.800000e+7 1.184423e-4 1.805000e+7 1.279513e-4 1.825500e+7 1.784927e-4
  1.846000e+7 2.474105e-4 1.850000e+7 2.629773e-4 1.866500e+7 3.336613e-4
  1.887000e+7 4.370162e-4 1.900000e+7 5.112982e-4 1.907500e+7 5.652058e-4
  1.928000e+7 7.887781e-4 1.948500e+7 1.081180e-3 1.950000e+7 1.103805e-3
  1.969000e+7 1.388156e-3 1.989500e+7 1.655454e-3 2.000000e+7 1.759401e-3
  2.010000e+7 1.833500e-3 2.035000e+7 1.948837e-3 2.050000e+7 1.994612e-3
  2.065000e+7 2.043036e-3 2.095000e+7 2.214013e-3 2.099451e+7 2.253995e-3
  2.100000e+7 2.259267e-3 2.125000e+7 2.520796e-3 2.150000e+7 2.819089e-3
  2.155000e+7 2.882807e-3 2.185000e+7 3.290850e-3 2.200000e+7 3.509975e-3
  2.204396e+7 3.576458e-3 2.215000e+7 3.743718e-3 2.245000e+7 4.254703e-3
  2.250000e+7 4.343116e-3 2.275000e+7 4.786811e-3 2.300000e+7 5.214445e-3
  2.305000e+7 5.295340e-3 2.335000e+7 5.722369e-3 2.350000e+7 5.895670e-3
  2.365000e+7 6.039994e-3 2.374348e+7 6.114561e-3 2.395000e+7 6.235206e-3
  2.400000e+7 6.254926e-3 2.425000e+7 5.785133e-3 2.440883e+7 5.085650e-3
  2.450000e+7 4.620498e-3 2.455000e+7 4.360018e-3 2.457711e+7 4.219573e-3
  2.485000e+7 3.030584e-3 2.500000e+7 2.744327e-3 2.515000e+7 2.707838e-3
  2.545000e+7 2.851420e-3 2.550000e+7 2.886999e-3 2.575000e+7 3.030351e-3
  2.600000e+7 2.987087e-3 2.605000e+7 2.944308e-3 2.635000e+7 2.576409e-3
  2.650000e+7 2.362795e-3 2.665000e+7 2.162876e-3 2.695000e+7 1.904535e-3
  2.700000e+7 1.890667e-3 2.725000e+7 1.886230e-3 2.750000e+7 1.926933e-3
  2.755000e+7 1.936250e-3 2.785000e+7 1.968020e-3 2.800000e+7 1.951044e-3
  2.815000e+7 1.937086e-3 2.845000e+7 1.908878e-3 2.850000e+7 1.904159e-3
  2.875000e+7 1.880593e-3 2.900000e+7 1.857232e-3 2.905000e+7 1.852604e-3
  2.935000e+7 1.825285e-3 2.950000e+7 1.811993e-3 2.965000e+7 1.799010e-3
  2.995000e+7 1.774153e-3 3.000000e+7 1.770174e-3 3.000001e+7 0.000000e+0
  1.500000e+8 0.000000e+0    
