  1.539207e+7 0.000000e+0 1.545000e+7 4.547607e-9 1.550000e+7 8.472695e-9
  1.555000e+7 1.239778e-8 1.565000e+7 2.024796e-8 1.575000e+7 2.809812e-8
  1.585000e+7 3.594832e-8 1.595000e+7 4.379850e-8 1.600000e+7 4.772357e-8
  1.610000e+7 7.810165e-8 1.620000e+7 1.321560e-7 1.630000e+7 2.060955e-7
  1.640000e+7 2.961292e-7 1.650000e+7 3.984660e-7 1.660000e+7 5.500975e-7
  1.670000e+7 8.086077e-7 1.680000e+7 1.201096e-6 1.690000e+7 1.754661e-6
  1.700000e+7 2.496402e-6 1.710000e+7 3.370672e-6 1.720000e+7 4.294263e-6
  1.730000e+7 5.252940e-6 1.740000e+7 6.232470e-6 1.750000e+7 7.218613e-6
  1.760000e+7 8.231555e-6 1.770000e+7 9.281047e-6 1.780000e+7 1.033720e-5
  1.785072e+7 1.085844e-5 1.790000e+7 1.137014e-5 1.800000e+7 1.235011e-5
  1.810000e+7 1.320264e-5 1.820000e+7 1.392675e-5 1.830000e+7 1.578593e-5
  1.840000e+7 3.845451e-5 1.850000e+7 3.898303e-4 1.860000e+7 3.320254e-3
  1.870000e+7 1.981409e-3 1.880000e+7 6.243828e-4 1.890000e+7 1.664506e-4
  1.900000e+7 6.844654e-5 1.910000e+7 6.459502e-5 1.920000e+7 1.137335e-4
  1.930000e+7 3.032153e-4 1.940000e+7 8.793283e-4 1.950000e+7 3.626780e-3
  1.958914e+7 4.336756e-3 1.960000e+7 4.272496e-3 1.970000e+7 3.434307e-3
  1.980000e+7 2.572305e-3 1.990000e+7 2.072000e-3 2.000000e+7 1.884496e-3
  2.010000e+7 2.213079e-3 2.035000e+7 4.428776e-3 2.050000e+7 2.051718e-3
  2.061712e+7 2.081506e-3 2.065000e+7 2.569004e-3 2.081996e+7 4.493043e-3
  2.095000e+7 6.321894e-3 2.100000e+7 5.995360e-3 2.125000e+7 4.193215e-3
  2.144238e+7 8.334948e-3 2.150000e+7 9.637854e-3 2.155000e+7 1.021261e-2
  2.159418e+7 1.003134e-2 2.185000e+7 8.946666e-3 2.198677e+7 8.333300e-3
  2.200000e+7 8.272752e-3 2.215000e+7 8.232135e-3 2.224478e+7 8.536659e-3
  2.245000e+7 9.210139e-3 2.250000e+7 9.374829e-3 2.275000e+7 1.017805e-2
  2.286444e+7 1.052569e-2 2.300000e+7 1.090907e-2 2.305000e+7 1.104586e-2
  2.335000e+7 1.201500e-2 2.350000e+7 1.254591e-2 2.365000e+7 1.306450e-2
  2.395000e+7 1.393076e-2 2.400000e+7 1.403817e-2 2.425000e+7 1.444164e-2
  2.450000e+7 1.467629e-2 2.455000e+7 1.470958e-2 2.485000e+7 1.488019e-2
  2.500000e+7 1.498331e-2 2.515000e+7 1.512138e-2 2.545000e+7 1.537213e-2
  2.550000e+7 1.541092e-2 2.575000e+7 1.559351e-2 2.600000e+7 1.575944e-2
  2.605000e+7 1.579759e-2 2.635000e+7 1.599107e-2 2.650000e+7 1.606905e-2
  2.665000e+7 1.613882e-2 2.695000e+7 1.626671e-2 2.700000e+7 1.628793e-2
  2.725000e+7 1.639804e-2 2.750000e+7 1.651713e-2 2.755000e+7 1.653892e-2
  2.785000e+7 1.650782e-2 2.800000e+7 1.637930e-2 2.815000e+7 1.617268e-2
  2.845000e+7 1.566663e-2 2.850000e+7 1.558338e-2 2.875000e+7 1.523566e-2
  2.900000e+7 1.509577e-2 2.905000e+7 1.510393e-2 2.935000e+7 1.534932e-2
  2.950000e+7 1.555420e-2 2.965000e+7 1.577957e-2 2.995000e+7 1.636644e-2
  3.000000e+7 1.648719e-2 3.000001e+7 0.000000e+0 1.500000e+8 0.000000e+0
