  1.052750e+7 0.000000e+0 1.055000e+7 4.212571e-7 1.065000e+7 2.293511e-6
  1.075000e+7 4.165765e-6 1.085000e+7 6.038019e-6 1.095000e+7 7.910273e-6
  1.100000e+7 8.846400e-6 1.105000e+7 2.141937e-5 1.115000e+7 6.489506e-5
  1.125000e+7 1.321276e-4 1.135000e+7 2.222976e-4 1.145000e+7 3.345857e-4
  1.150000e+7 3.987680e-4 1.155000e+7 4.778692e-4 1.165000e+7 7.060140e-4
  1.175000e+7 1.018966e-3 1.185000e+7 1.406586e-3 1.195000e+7 1.858735e-3
  1.200000e+7 2.105840e-3 1.205000e+7 2.363709e-3 1.215000e+7 2.908867e-3
  1.225000e+7 3.500137e-3 1.235000e+7 4.145776e-3 1.245000e+7 4.854042e-3
  1.250000e+7 5.234240e-3 1.255000e+7 5.629620e-3 1.265000e+7 6.447865e-3
  1.275000e+7 7.284145e-3 1.285000e+7 8.116128e-3 1.295000e+7 8.921488e-3
  1.300000e+7 9.307200e-3 1.305000e+7 9.684672e-3 1.315000e+7 1.043393e-2
  1.325000e+7 1.117886e-2 1.335000e+7 1.192339e-2 1.345000e+7 1.267144e-2
  1.350000e+7 1.304800e-2 1.355000e+7 1.342932e-2 1.365000e+7 1.420891e-2
  1.375000e+7 1.499998e-2 1.385000e+7 1.578913e-2 1.395000e+7 1.656298e-2
  1.400000e+7 1.694000e-2 1.405000e+7 1.729939e-2 1.415000e+7 1.794608e-2
  1.425000e+7 1.851610e-2 1.435000e+7 1.903284e-2 1.445000e+7 1.951969e-2
  1.450000e+7 1.975920e-2 1.455000e+7 1.999468e-2 1.465000e+7 2.044048e-2
  1.475000e+7 2.085268e-2 1.485000e+7 2.123126e-2 1.495000e+7 2.157618e-2
  1.500000e+7 2.173600e-2 1.505000e+7 2.188223e-2 1.515000e+7 2.212429e-2
  1.525000e+7 2.231210e-2 1.535000e+7 2.246122e-2 1.545000e+7 2.258722e-2
  1.550000e+7 2.264640e-2 1.555000e+7 2.269522e-2 1.565000e+7 2.273318e-2
  1.575000e+7 2.269313e-2 1.585000e+7 2.257694e-2 1.595000e+7 2.238649e-2
  1.600000e+7 2.226400e-2 1.610000e+7 2.175971e-2 1.613000e+7 2.153327e-2
  1.616100e+7 2.127434e-2 1.620000e+7 2.092276e-2 1.630000e+7 1.997784e-2
  1.640000e+7 1.914934e-2 1.650000e+7 1.866200e-2 1.660000e+7 1.854627e-2
  1.670000e+7 1.853447e-2 1.680000e+7 1.863346e-2 1.690000e+7 1.885008e-2
  1.700000e+7 1.919120e-2 1.710000e+7 1.972564e-2 1.720000e+7 2.047039e-2
  1.725019e+7 2.090117e-2 1.730000e+7 2.135943e-2 1.740000e+7 2.232186e-2
  1.750000e+7 2.328193e-2 1.760000e+7 2.427723e-2 1.770000e+7 2.536074e-2
  1.780000e+7 2.651632e-2 1.790000e+7 2.772784e-2 1.800000e+7 2.897917e-2
  1.810000e+7 3.069529e-2 1.813381e+7 3.143538e-2 1.820000e+7 3.302457e-2
  1.828902e+7 3.526213e-2 1.830000e+7 3.553313e-2 1.840000e+7 3.778804e-2
  1.850000e+7 3.935375e-2 1.857179e+7 3.991480e-2 1.860000e+7 4.003732e-2
  1.870000e+7 4.018838e-2 1.880000e+7 4.018774e-2 1.890000e+7 4.041767e-2
  1.900000e+7 4.126174e-2 1.910000e+7 4.266447e-2 1.920000e+7 4.419410e-2
  1.930000e+7 4.582156e-2 1.936452e+7 4.690991e-2 1.940000e+7 4.752144e-2
  1.950000e+7 4.926771e-2 1.960000e+7 5.102461e-2 1.963943e+7 5.171391e-2
  1.970000e+7 5.276324e-2 1.980000e+7 5.445448e-2 1.990000e+7 5.606913e-2
  2.000000e+7 5.757817e-2 2.010000e+7 5.901687e-2 2.014821e+7 5.966426e-2
  2.025621e+7 6.103029e-2 2.025972e+7 6.107278e-2 2.033424e+7 6.195102e-2
  2.035000e+7 6.213139e-2 2.050000e+7 6.377368e-2 2.065000e+7 6.533391e-2
  2.090298e+7 6.798846e-2 2.095000e+7 6.851023e-2 2.097633e+7 6.880851e-2
  2.100000e+7 6.908175e-2 2.108157e+7 7.010260e-2 2.123253e+7 7.210008e-2
  2.125000e+7 7.233772e-2 2.150000e+7 7.577609e-2 2.155000e+7 7.645517e-2
  2.163617e+7 7.760263e-2 2.172505e+7 7.874380e-2 2.185000e+7 8.024642e-2
  2.189503e+7 8.075183e-2 2.200000e+7 8.184239e-2 2.215000e+7 8.319572e-2
  2.245000e+7 8.483530e-2 2.250000e+7 8.498271e-2 2.275000e+7 8.524505e-2
  2.300000e+7 8.481739e-2 2.305000e+7 8.466948e-2 2.335000e+7 8.366479e-2
  2.350000e+7 8.304767e-2 2.365000e+7 8.232245e-2 2.395000e+7 8.045322e-2
  2.400000e+7 8.007718e-2 2.425000e+7 7.791324e-2 2.450000e+7 7.544572e-2
  2.455000e+7 7.493708e-2 2.485000e+7 7.194231e-2 2.500000e+7 7.056873e-2
  2.515000e+7 6.928479e-2 2.545000e+7 6.681965e-2 2.550000e+7 6.641770e-2
  2.575000e+7 6.442338e-2 2.600000e+7 6.242008e-2 2.605000e+7 6.201699e-2
  2.635000e+7 5.967836e-2 2.650000e+7 5.857091e-2 2.665000e+7 5.751312e-2
  2.695000e+7 5.557176e-2 2.700000e+7 5.527352e-2 2.725000e+7 5.384319e-2
  2.750000e+7 5.246864e-2 2.755000e+7 5.219685e-2 2.785000e+7 5.056058e-2
  2.800000e+7 4.972428e-2 2.815000e+7 4.868105e-2 2.845000e+7 4.578130e-2
  2.850000e+7 4.524524e-2 2.875000e+7 4.260962e-2 2.900000e+7 4.046215e-2
  2.905000e+7 4.012420e-2 2.935000e+7 3.831869e-2 2.950000e+7 3.756576e-2
  2.965000e+7 3.691829e-2 2.995000e+7 3.595646e-2 3.000000e+7 3.584114e-2
  3.000001e+7 0.000000e+0 1.500000e+8 0.000000e+0                      
