  1.024451e+7 5.00000e-11 1.025000e+7 1.080308e-8 1.035000e+7 2.084963e-7
  1.037219e+7 2.525998e-7 1.045000e+7 4.149961e-7 1.050000e+7 5.199308e-7
  1.055000e+7 1.308433e-5 1.056024e+7 1.610842e-5 1.065000e+7 3.644337e-3
  1.066708e+7 3.653134e-3 1.075000e+7 3.463005e-3 1.085000e+7 4.034186e-3
  1.095000e+7 6.481761e-3 1.100000e+7 7.396012e-3 1.105000e+7 8.453954e-3
  1.115000e+7 1.102815e-2 1.125000e+7 2.034845e-2 1.135000e+7 3.926706e-2
  1.145000e+7 6.846154e-2 1.150000e+7 8.614009e-2 1.155000e+7 1.027951e-1
  1.165000e+7 1.151621e-1 1.175000e+7 9.631360e-2 1.185000e+7 6.948611e-2
  1.195000e+7 4.811359e-2 1.200000e+7 4.202481e-2 1.205000e+7 3.789557e-2
  1.215000e+7 3.361854e-2 1.225000e+7 3.234533e-2 1.235000e+7 3.056883e-2
  1.245000e+7 2.747554e-2 1.250000e+7 2.688950e-2 1.255000e+7 2.750647e-2
  1.265000e+7 3.008613e-2 1.275000e+7 3.147177e-2 1.285000e+7 3.220156e-2
  1.295000e+7 3.445040e-2 1.300000e+7 3.476727e-2 1.305000e+7 3.533944e-2
  1.315000e+7 3.650947e-2 1.325000e+7 3.883532e-2 1.335000e+7 3.927022e-2
  1.345000e+7 4.238650e-2 1.350000e+7 4.282109e-2 1.355000e+7 4.346470e-2
  1.365000e+7 4.621379e-2 1.375000e+7 4.894308e-2 1.385000e+7 4.886090e-2
  1.395000e+7 4.216781e-2 1.400000e+7 4.212179e-2 1.405000e+7 4.281331e-2
  1.415000e+7 4.263330e-2 1.425000e+7 4.303629e-2 1.435000e+7 3.922787e-2
  1.445000e+7 3.646910e-2 1.450000e+7 3.583190e-2 1.455000e+7 3.585239e-2
  1.465000e+7 3.775111e-2 1.475000e+7 3.932296e-2 1.485000e+7 3.994283e-2
  1.495000e+7 3.819005e-2 1.500000e+7 3.820391e-2 1.505000e+7 3.817088e-2
  1.515000e+7 3.733843e-2 1.525000e+7 3.479560e-2 1.535000e+7 2.996218e-2
  1.545000e+7 3.090855e-2 1.550000e+7 3.232152e-2 1.555000e+7 3.408363e-2
  1.565000e+7 3.840893e-2 1.575000e+7 3.869804e-2 1.585000e+7 3.586388e-2
  1.595000e+7 3.470832e-2 1.600000e+7 3.431688e-2 1.610000e+7 3.284946e-2
  1.620000e+7 3.073781e-2 1.630000e+7 2.861771e-2 1.640000e+7 2.648771e-2
  1.650000e+7 2.511640e-2 1.660000e+7 2.543661e-2 1.670000e+7 2.633727e-2
  1.680000e+7 2.737825e-2 1.690000e+7 2.827954e-2 1.700000e+7 2.910431e-2
  1.710000e+7 2.809716e-2 1.720000e+7 2.760015e-2 1.730000e+7 2.762416e-2
  1.740000e+7 2.752539e-2 1.750000e+7 2.702770e-2 1.760000e+7 2.645320e-2
  1.770000e+7 2.680470e-2 1.780000e+7 2.675655e-2 1.790000e+7 2.591028e-2
  1.800000e+7 2.389877e-2 1.810000e+7 2.189295e-2 1.820000e+7 2.051366e-2
  1.830000e+7 1.960163e-2 1.840000e+7 1.928268e-2 1.850000e+7 1.944734e-2
  1.860000e+7 1.972381e-2 1.870000e+7 2.103704e-2 1.880000e+7 2.178847e-2
  1.890000e+7 2.068305e-2 1.900000e+7 1.928667e-2 1.910000e+7 1.818080e-2
  1.920000e+7 1.744800e-2 1.930000e+7 1.680945e-2 1.940000e+7 1.633668e-2
  1.950000e+7 1.698780e-2 1.960000e+7 1.813668e-2 1.970000e+7 1.936363e-2
  1.980000e+7 1.967452e-2 1.990000e+7 1.919384e-2 2.000000e+7 1.872673e-2
  2.010000e+7 1.916976e-2 2.035000e+7 2.149143e-2 2.050000e+7 2.073826e-2
  2.065000e+7 1.989447e-2 2.095000e+7 2.152180e-2 2.100000e+7 2.115400e-2
  2.125000e+7 1.896583e-2 2.150000e+7 1.754201e-2 2.155000e+7 1.727935e-2
  2.185000e+7 1.590622e-2 2.200000e+7 1.537380e-2 2.215000e+7 1.497509e-2
  2.245000e+7 1.572148e-2 2.250000e+7 1.588562e-2 2.275000e+7 1.619030e-2
  2.300000e+7 1.508124e-2 2.305000e+7 1.498662e-2 2.335000e+7 1.481929e-2
  2.350000e+7 1.453213e-2 2.365000e+7 1.439243e-2 2.395000e+7 1.502028e-2
  2.400000e+7 1.511848e-2 2.425000e+7 1.578720e-2 2.450000e+7 1.579419e-2
  2.455000e+7 1.570956e-2 2.485000e+7 1.467321e-2 2.500000e+7 1.389947e-2
  2.515000e+7 1.314749e-2 2.545000e+7 1.197257e-2 2.550000e+7 1.187217e-2
  2.575000e+7 1.175743e-2 2.600000e+7 1.134462e-2 2.605000e+7 1.125312e-2
  2.635000e+7 1.043258e-2 2.650000e+7 1.052437e-2 2.665000e+7 1.083614e-2
  2.695000e+7 1.041220e-2 2.700000e+7 1.037321e-2 2.725000e+7 1.000735e-2
  2.750000e+7 9.885759e-3 2.755000e+7 9.877387e-3 2.785000e+7 1.004939e-2
  2.800000e+7 1.007411e-2 2.815000e+7 9.878216e-3 2.845000e+7 8.248906e-3
  2.850000e+7 8.126556e-3 2.875000e+7 7.727551e-3 2.900000e+7 7.819475e-3
  2.905000e+7 7.865753e-3 2.935000e+7 7.281019e-3 2.950000e+7 6.775364e-3
  2.965000e+7 6.446847e-3 2.995000e+7 6.438852e-3 3.000000e+7 6.488139e-3
  3.000001e+7 0.000000e+0 1.500000e+8 0.000000e+0
