  2.355319e+6 0.000000e+0 2.400000e+6 1.82788e-37 2.500000e+6 7.09330e-19
  2.600000e+6 1.65740e-13 2.700000e+6 1.22830e-10 2.750000e+6 1.321100e-9
  2.800000e+6 9.792000e-9 2.850000e+6 5.518882e-8 2.900000e+6 2.532000e-7
  2.950000e+6 9.897411e-7 3.000000e+6 3.334300e-6 3.050000e+6 1.073700e-5
  3.100000e+6 3.040400e-5 3.120000e+6 4.494390e-5 3.140000e+6 6.540500e-5
  3.160000e+6 9.370400e-5 3.170000e+6 1.116402e-4 3.180000e+6 1.330300e-4
  3.190000e+6 1.604703e-4 3.200000e+6 2.119800e-4 3.201000e+6 2.222800e-4
  3.202000e+6 2.352287e-4 3.203000e+6 2.521500e-4 3.204000e+6 2.752599e-4
  3.205000e+6 3.086500e-4 3.206000e+6 3.602700e-4 3.207000e+6 4.473928e-4
  3.208000e+6 6.126700e-4 3.209000e+6 9.815100e-4 3.210000e+6 1.996885e-3
  3.210500e+6 3.113900e-3 3.211000e+6 4.636295e-3 3.211100e+6 4.891800e-3
  3.211200e+6 5.087700e-3 3.211300e+6 5.205877e-3 3.211400e+6 5.234800e-3
  3.211500e+6 5.171500e-3 3.211600e+6 5.022958e-3 3.211700e+6 4.804900e-3
  3.211800e+6 4.536306e-3 3.211900e+6 4.238300e-3 3.212000e+6 3.928100e-3
  3.212200e+6 3.324522e-3 3.212400e+6 2.791300e-3 3.212600e+6 2.348216e-3
  3.212800e+6 1.990200e-3 3.213000e+6 1.703900e-3 3.213200e+6 1.475015e-3
  3.213400e+6 1.291600e-3 3.213600e+6 1.143300e-3 3.213800e+6 1.022428e-3
  3.214000e+6 9.230300e-4 3.214200e+6 8.405432e-4 3.214400e+6 7.716000e-4
  3.214600e+6 7.134600e-4 3.214800e+6 6.640494e-4 3.215000e+6 6.217600e-4
  3.216000e+6 4.811640e-4 3.217000e+6 4.060900e-4 3.218000e+6 3.621800e-4
  3.219000e+6 3.348782e-4 3.220000e+6 3.172200e-4 3.222000e+6 2.977600e-4
  3.224000e+6 2.893901e-4 3.226000e+6 2.866700e-4 3.228000e+6 2.871400e-4
  3.230000e+6 2.895800e-4 3.235000e+6 3.004998e-4 3.240000e+6 3.151600e-4
  3.245000e+6 3.318500e-4 3.250000e+6 3.498500e-4 3.255000e+6 3.688000e-4
  3.260000e+6 3.884800e-4 3.265000e+6 4.087700e-4 3.270000e+6 4.295399e-4
  3.275000e+6 4.507000e-4 3.280000e+6 4.721900e-4 3.285000e+6 4.939200e-4
  3.290000e+6 5.158298e-4 3.295000e+6 5.378700e-4 3.300000e+6 5.599800e-4
  3.305000e+6 5.820903e-4 3.310000e+6 6.041800e-4 3.312000e+6 6.129900e-4
  3.314000e+6 6.217900e-4 3.316000e+6 6.305599e-4 3.318000e+6 6.393200e-4
  3.320000e+6 6.480600e-4 3.322000e+6 6.567701e-4 3.324000e+6 6.654500e-4
  3.326000e+6 6.741099e-4 3.328000e+6 6.827200e-4 3.330000e+6 6.913600e-4
  3.332000e+6 6.998601e-4 3.334000e+6 7.084200e-4 3.336000e+6 7.168599e-4
  3.338000e+6 7.253600e-4 3.340000e+6 7.337200e-4 3.345000e+6 7.546001e-4
  3.350000e+6 7.751300e-4 3.355000e+6 7.954600e-4 3.360000e+6 8.154595e-4
  3.370000e+6 8.546900e-4 3.380000e+6 8.928400e-4 3.390000e+6 9.301000e-4
  3.400000e+6 9.668203e-4 3.410000e+6 1.003900e-3 3.420000e+6 1.044901e-3
  3.430000e+6 1.123600e-3 3.435000e+6 1.359700e-3 3.436000e+6 1.554654e-3
  3.437000e+6 2.050400e-3 3.437500e+6 2.665500e-3 3.438000e+6 4.166291e-3
  3.438500e+6 9.730800e-3 3.439000e+6 6.760500e-2 3.439500e+6 3.298700e-2
  3.440000e+6 7.991672e-3 3.440500e+6 5.120500e-3 3.441000e+6 5.695300e-3
  3.441500e+6 8.779182e-3 3.441600e+6 9.436400e-3 3.441700e+6 9.884500e-3
  3.441800e+6 1.001600e-2 3.441900e+6 9.792621e-3 3.442000e+6 9.262300e-3
  3.442500e+6 5.555900e-3 3.443000e+6 3.497300e-3 3.443500e+6 2.572161e-3
  3.444000e+6 2.105200e-3 3.444500e+6 1.839600e-3 3.445000e+6 1.674222e-3
  3.450000e+6 1.267900e-3 3.455000e+6 1.220300e-3 3.460000e+6 1.214700e-3
  3.465000e+6 1.221100e-3 3.470000e+6 1.232300e-3 3.475000e+6 1.246000e-3
  3.480000e+6 1.261100e-3 3.490000e+6 1.294100e-3 3.500000e+6 1.329500e-3
  3.510000e+6 1.366900e-3 3.520000e+6 1.406300e-3 3.530000e+6 1.447800e-3
  3.540000e+6 1.491500e-3 3.550000e+6 1.537800e-3 3.560000e+6 1.586800e-3
  3.570000e+6 1.639000e-3 3.580000e+6 1.694700e-3 3.590000e+6 1.754300e-3
  3.600000e+6 1.818299e-3 3.610000e+6 1.887100e-3 3.620000e+6 1.961300e-3
  3.630000e+6 2.041800e-3 3.640000e+6 2.132001e-3 3.642000e+6 2.154600e-3
  3.644000e+6 2.192900e-3 3.645000e+6 2.257500e-3 3.645200e+6 2.290004e-3
  3.645400e+6 2.343100e-3 3.645600e+6 2.440786e-3 3.645800e+6 2.653800e-3
  3.646000e+6 3.277400e-3 3.646200e+6 6.624500e-3 3.646400e+6 1.979034e-2
  3.646600e+6 4.600800e-3 3.646800e+6 2.957300e-3 3.647000e+6 2.558544e-3
  3.647200e+6 2.407200e-3 3.647400e+6 2.334900e-3 3.647600e+6 2.295500e-3
  3.647800e+6 2.272204e-3 3.648000e+6 2.257500e-3 3.649000e+6 2.232900e-3
  3.650000e+6 2.232600e-3 3.651000e+6 2.238200e-3 3.652000e+6 2.246000e-3
  3.653000e+6 2.254701e-3 3.654000e+6 2.264000e-3 3.655000e+6 2.273600e-3
  3.660000e+6 2.324900e-3 3.665000e+6 2.378999e-3 3.670000e+6 2.435900e-3
  3.675000e+6 2.495400e-3 3.680000e+6 2.557700e-3 3.685000e+6 2.622799e-3
  3.690000e+6 2.691200e-3 3.695000e+6 2.762699e-3 3.700000e+6 2.837800e-3
  3.710000e+6 2.999900e-3 3.720000e+6 3.180200e-3 3.730000e+6 3.384100e-3
  3.740000e+6 3.625700e-3 3.745000e+6 3.774397e-3 3.750000e+6 3.967400e-3
  3.755000e+6 4.273100e-3 3.760000e+6 4.825300e-3 3.761000e+6 4.944590e-3
  3.762000e+6 5.037600e-3 3.763000e+6 5.088700e-3 3.764000e+6 5.092000e-3
  3.765000e+6 5.055294e-3 3.766000e+6 4.995100e-3 3.767000e+6 4.928102e-3
  3.768000e+6 4.865500e-3 3.769000e+6 4.813100e-3 3.770000e+6 4.772700e-3
  3.772000e+6 4.725500e-3 3.774000e+6 4.713100e-3 3.776000e+6 4.724900e-3
  3.778000e+6 4.753102e-3 3.780000e+6 4.792700e-3 3.785000e+6 4.923703e-3
  3.790000e+6 5.083500e-3 3.795000e+6 5.262400e-3 3.800000e+6 5.456998e-3
  3.810000e+6 5.888500e-3 3.820000e+6 6.376197e-3 3.830000e+6 6.923800e-3
  3.840000e+6 7.537800e-3 3.850000e+6 8.225993e-3 3.860000e+6 8.995700e-3
  3.870000e+6 9.858000e-3 3.880000e+6 1.082301e-2 3.890000e+6 1.190300e-2
  3.900000e+6 1.311100e-2 3.920000e+6 1.597500e-2 3.940000e+6 1.957301e-2
  3.960000e+6 2.416400e-2 3.980000e+6 3.022901e-2 4.000000e+6 3.867900e-2
  4.010000e+6 4.417100e-2 4.020000e+6 5.054499e-2 4.030000e+6 5.733400e-2
  4.040000e+6 6.328400e-2 4.050000e+6 6.657799e-2 4.060000e+6 6.615000e-2
  4.070000e+6 6.280300e-2 4.080000e+6 5.847500e-2 4.090000e+6 5.483697e-2
  4.100000e+6 5.285100e-2 4.110000e+6 5.309200e-2 4.120000e+6 5.608996e-2
  4.130000e+6 6.245900e-2 4.140000e+6 7.263100e-2 4.150000e+6 8.599300e-2
  4.160000e+6 9.978279e-2 4.165000e+6 1.054200e-1 4.170000e+6 1.094900e-1
  4.175000e+6 1.117200e-1 4.180000e+6 1.121000e-1 4.185000e+6 1.109000e-1
  4.190000e+6 1.085000e-1 4.195000e+6 1.053299e-1 4.200000e+6 1.017600e-1
  4.205000e+6 9.809000e-2 4.210000e+6 9.453400e-2 4.215000e+6 9.122190e-2
  4.220000e+6 8.825000e-2 4.225000e+6 8.568005e-2 4.230000e+6 8.353100e-2
  4.235000e+6 8.183100e-2 4.240000e+6 8.060705e-2 4.245000e+6 7.986600e-2
  4.250000e+6 7.964200e-2 4.255000e+6 7.995402e-2 4.260000e+6 8.084500e-2
  4.265000e+6 8.232100e-2 4.270000e+6 8.438800e-2 4.275000e+6 8.697906e-2
  4.280000e+6 8.993700e-2 4.285000e+6 9.301700e-2 4.290000e+6 9.604298e-2
  4.295000e+6 9.917100e-2 4.300000e+6 1.028100e-1 4.305000e+6 1.068300e-1
  4.310000e+6 1.100900e-1 4.315000e+6 1.110400e-1 4.320000e+6 1.088600e-1
  4.321000e+6 1.080500e-1 4.322000e+6 1.071300e-1 4.323000e+6 1.061000e-1
  4.324000e+6 1.049801e-1 4.325000e+6 1.037700e-1 4.326000e+6 1.024800e-1
  4.327000e+6 1.011200e-1 4.328000e+6 9.970790e-2 4.329000e+6 9.824600e-2
  4.330000e+6 9.675000e-2 4.335000e+6 8.893694e-2 4.340000e+6 8.122600e-2
  4.345000e+6 7.412000e-2 4.350000e+6 6.784200e-2 4.355000e+6 6.242098e-2
  4.360000e+6 5.779500e-2 4.370000e+6 5.052000e-2 4.380000e+6 4.523000e-2
  4.390000e+6 4.131305e-2 4.400000e+6 3.835700e-2 4.410000e+6 3.610703e-2
  4.420000e+6 3.443800e-2 4.430000e+6 3.337600e-2 4.440000e+6 3.331100e-2
  4.445000e+6 3.408707e-2 4.450000e+6 3.612800e-2 4.455000e+6 4.106700e-2
  4.460000e+6 5.335100e-2 4.462000e+6 6.229152e-2 4.464000e+6 7.420800e-2
  4.466000e+6 8.771342e-2 4.468000e+6 9.817200e-2 4.470000e+6 1.000600e-1
  4.472000e+6 9.317400e-2 4.475000e+6 7.696951e-2 4.480000e+6 5.679800e-2
  4.485000e+6 4.650385e-2 4.490000e+6 4.110500e-2 4.495000e+6 3.805800e-2
  4.500000e+6 3.629800e-2 4.505000e+6 3.540900e-2 4.510000e+6 3.532400e-2
  4.515000e+6 3.636000e-2 4.520000e+6 3.977099e-2 4.521000e+6 4.103100e-2
  4.522000e+6 4.261774e-2 4.523000e+6 4.463900e-2 4.524000e+6 4.723900e-2
  4.525000e+6 5.063000e-2 4.526000e+6 5.511714e-2 4.527000e+6 6.113900e-2
  4.528000e+6 6.931100e-2 4.529000e+6 8.042400e-2 4.530000e+6 9.526800e-2
  4.531000e+6 1.138327e-1 4.532000e+6 1.334600e-1 4.533000e+6 1.470500e-1
  4.534000e+6 1.466800e-1 4.535000e+6 1.324600e-1 4.536000e+6 1.124400e-1
  4.537000e+6 9.368400e-2 4.538000e+6 7.873580e-2 4.539000e+6 6.756400e-2
  4.540000e+6 5.934800e-2 4.545000e+6 4.050891e-2 4.550000e+6 3.468100e-2
  4.555000e+6 3.226400e-2 4.560000e+6 3.110900e-2 4.565000e+6 3.056900e-2
  4.570000e+6 3.042700e-2 4.575000e+6 3.064900e-2 4.580000e+6 3.134700e-2
  4.585000e+6 3.292503e-2 4.590000e+6 3.676700e-2 4.591000e+6 3.815214e-2
  4.592000e+6 3.991900e-2 4.593000e+6 4.221600e-2 4.594000e+6 4.526800e-2
  4.595000e+6 4.941313e-2 4.596000e+6 5.518300e-2 4.597000e+6 6.336900e-2
  4.598000e+6 7.506580e-2 4.599000e+6 9.128300e-2 4.600000e+6 1.112000e-1
  4.605000e+6 8.128700e-2 4.610000e+6 4.714888e-2 4.615000e+6 4.252300e-2
  4.620000e+6 4.567800e-2 4.625000e+6 5.701700e-2 4.626000e+6 6.107571e-2
  4.627000e+6 6.613100e-2 4.628000e+6 7.249362e-2 4.629000e+6 8.060700e-2
  4.630000e+6 9.107200e-2 4.631000e+6 1.047700e-1 4.632000e+6 1.228994e-1
  4.633000e+6 1.470400e-1 4.634000e+6 1.789800e-1 4.635000e+6 2.197300e-1
  4.636000e+6 2.668768e-1 4.637000e+6 3.101100e-1 4.638000e+6 3.308598e-1
  4.639000e+6 3.161600e-1 4.640000e+6 2.740200e-1 4.645000e+6 9.863400e-2
  4.650000e+6 5.341373e-2 4.655000e+6 3.931600e-2 4.660000e+6 3.347618e-2
  4.665000e+6 3.058800e-2 4.670000e+6 2.899200e-2 4.675000e+6 2.804600e-2
  4.680000e+6 2.746302e-2 4.685000e+6 2.710100e-2 4.690000e+6 2.688200e-2
  4.695000e+6 2.676200e-2 4.700000e+6 2.671500e-2 4.705000e+6 2.672500e-2
  4.710000e+6 2.678100e-2 4.715000e+6 2.687800e-2 4.720000e+6 2.701200e-2
  4.725000e+6 2.718200e-2 4.730000e+6 2.738900e-2 4.735000e+6 2.763500e-2
  4.740000e+6 2.792099e-2 4.745000e+6 2.825700e-2 4.750000e+6 2.864800e-2
  4.755000e+6 2.910300e-2 4.760000e+6 2.963903e-2 4.765000e+6 3.027200e-2
  4.770000e+6 3.102800e-2 4.775000e+6 3.194200e-2 4.780000e+6 3.305806e-2
  4.785000e+6 3.443800e-2 4.790000e+6 3.616799e-2 4.795000e+6 3.835900e-2
  4.800000e+6 4.116000e-2 4.805000e+6 4.474600e-2 4.810000e+6 4.929495e-2
  4.815000e+6 5.490900e-2 4.820000e+6 6.145500e-2 4.825000e+6 6.835400e-2
  4.830000e+6 7.448690e-2 4.832000e+6 7.643200e-2 4.834000e+6 7.798207e-2
  4.835000e+6 7.859400e-2 4.836000e+6 7.909800e-2 4.837000e+6 7.948500e-2
  4.838000e+6 7.975695e-2 4.839000e+6 7.992700e-2 4.840000e+6 7.998799e-2
  4.841000e+6 7.995400e-2 4.842000e+6 7.982500e-2 4.843000e+6 7.960800e-2
  4.844000e+6 7.932204e-2 4.845000e+6 7.896200e-2 4.850000e+6 7.643900e-2
  4.855000e+6 7.337199e-2 4.860000e+6 7.038700e-2 4.870000e+6 6.573505e-2
  4.880000e+6 6.309000e-2 4.890000e+6 6.211900e-2 4.900000e+6 6.245700e-2
  4.910000e+6 6.386498e-2 4.920000e+6 6.622100e-2 4.930000e+6 6.948900e-2
  4.940000e+6 7.371200e-2 4.950000e+6 7.896790e-2 4.960000e+6 8.538800e-2
  4.970000e+6 9.315984e-2 4.980000e+6 1.024600e-1 4.990000e+6 1.135000e-1
  5.000000e+6 1.263600e-1 5.010000e+6 1.409604e-1 5.020000e+6 1.566900e-1
  5.030000e+6 1.721103e-1 5.040000e+6 1.847300e-1 5.050000e+6 1.941000e-1
  5.060000e+6 1.931100e-1 5.070000e+6 1.829697e-1 5.080000e+6 1.657900e-1
  5.090000e+6 1.458900e-1 5.100000e+6 1.283802e-1 5.102000e+6 1.256600e-1
  5.104000e+6 1.233499e-1 5.106000e+6 1.215000e-1 5.108000e+6 1.202300e-1
  5.110000e+6 1.196500e-1 5.112000e+6 1.198800e-1 5.114000e+6 1.211000e-1
  5.115000e+6 1.221498e-1 5.116000e+6 1.235200e-1 5.117000e+6 1.252400e-1
  5.118000e+6 1.273501e-1 5.119000e+6 1.298600e-1 5.120000e+6 1.328000e-1
  5.121000e+6 1.361894e-1 5.122000e+6 1.400100e-1 5.123000e+6 1.442507e-1
  5.124000e+6 1.488500e-1 5.125000e+6 1.537300e-1 5.126000e+6 1.587500e-1
  5.127000e+6 1.637193e-1 5.128000e+6 1.684000e-1 5.129000e+6 1.725200e-1
  5.130000e+6 1.757702e-1 5.131000e+6 1.778700e-1 5.132000e+6 1.786000e-1
  5.133000e+6 1.778100e-1 5.134000e+6 1.755000e-1 5.135000e+6 1.717589e-1
  5.136000e+6 1.668000e-1 5.137000e+6 1.608694e-1 5.138000e+6 1.542800e-1
  5.139000e+6 1.472900e-1 5.140000e+6 1.401510e-1 5.142000e+6 1.261500e-1
  5.144000e+6 1.132900e-1 5.146000e+6 1.019605e-1 5.148000e+6 9.217400e-2
  5.150000e+6 8.380969e-2 5.155000e+6 6.777600e-2 5.160000e+6 5.659400e-2
  5.165000e+6 4.842906e-2 5.170000e+6 4.220300e-2 5.180000e+6 3.328300e-2
  5.190000e+6 2.714600e-2 5.200000e+6 2.264709e-2 5.210000e+6 1.920800e-2
  5.220000e+6 1.650400e-2 5.230000e+6 1.432900e-2 5.240000e+6 1.254900e-2
  5.250000e+6 1.106600e-2 5.260000e+6 9.809700e-3 5.270000e+6 8.721702e-3
  5.280000e+6 7.749300e-3 5.290000e+6 6.831304e-3 5.300000e+6 5.839800e-3
  5.310000e+6 1.476600e-2 5.320000e+6 2.580900e-2 5.330000e+6 9.573124e-3
  5.340000e+6 8.405500e-3 5.350000e+6 6.782500e-3 5.355000e+6 7.388900e-3
  5.360000e+6 8.839426e-3 5.365000e+6 1.354500e-2 5.366000e+6 1.560050e-2
  5.367000e+6 1.847400e-2 5.368000e+6 2.262000e-2 5.369000e+6 2.880300e-2
  5.370000e+6 3.833691e-2 5.371000e+6 5.336100e-2 5.372000e+6 7.641844e-2
  5.373000e+6 1.060100e-1 5.374000e+6 1.255800e-1 5.375000e+6 1.148400e-1
  5.380000e+6 2.610868e-2 5.385000e+6 1.199200e-2 5.390000e+6 8.175000e-3
  5.395000e+6 6.572900e-3 5.400000e+6 5.711491e-3 5.410000e+6 4.787900e-3
  5.420000e+6 4.266697e-3 5.430000e+6 3.905300e-3 5.440000e+6 3.626100e-3
  5.450000e+6 3.398100e-3 5.460000e+6 3.207699e-3 5.470000e+6 3.049600e-3
  5.480000e+6 2.923300e-3 5.490000e+6 2.831700e-3 5.500000e+6 2.780800e-3
  5.510000e+6 2.779900e-3 5.520000e+6 2.841400e-3 5.530000e+6 2.980900e-3
  5.540000e+6 3.216300e-3 5.550000e+6 3.567000e-3 5.560000e+6 4.050597e-3
  5.570000e+6 4.679400e-3 5.580000e+6 5.455594e-3 5.590000e+6 6.368100e-3
  5.600000e+6 7.391600e-3 5.605000e+6 7.934902e-3 5.610000e+6 8.493900e-3
  5.615000e+6 9.065100e-3 5.620000e+6 9.646486e-3 5.625000e+6 1.023900e-2
  5.630000e+6 1.084701e-2 5.635000e+6 1.147900e-2 5.639500e+6 1.208700e-2
  5.639542e+6 1.209231e-2 5.640000e+6 1.215028e-2 5.645000e+6 1.289158e-2
  5.650000e+6 1.374388e-2 5.655000e+6 1.478022e-2 5.660000e+6 1.613345e-2
  5.665000e+6 1.804772e-2 5.670000e+6 2.100002e-2 5.675000e+6 2.593462e-2
  5.680000e+6 3.418276e-2 5.685000e+6 4.293624e-2 5.690000e+6 3.765561e-2
  5.695000e+6 2.471631e-2 5.700000e+6 1.733718e-2 5.705000e+6 1.402758e-2
  5.710000e+6 1.250019e-2 5.715000e+6 1.175088e-2 5.720000e+6 1.136662e-2
  5.725000e+6 1.116637e-2 5.730000e+6 1.106517e-2 5.735000e+6 1.102002e-2
  5.740000e+6 1.100892e-2 5.745000e+6 1.102087e-2 5.750000e+6 1.104786e-2
  5.755000e+6 1.108590e-2 5.760000e+6 1.113398e-2 5.765000e+6 1.118909e-2
  5.770000e+6 1.125425e-2 5.775000e+6 1.132644e-2 5.780000e+6 1.140967e-2
  5.785000e+6 1.150295e-2 5.790000e+6 1.160728e-2 5.795000e+6 1.172566e-2
  5.800000e+6 1.185909e-2 5.805000e+6 1.200956e-2 5.810000e+6 1.218107e-2
  5.815000e+6 1.237563e-2 5.820000e+6 1.259923e-2 5.825000e+6 1.285487e-2
  5.830000e+6 1.315055e-2 5.835000e+6 1.349430e-2 5.840000e+6 1.389609e-2
  5.845000e+6 1.436992e-2 5.850000e+6 1.493483e-2 5.855000e+6 1.561378e-2
  5.860000e+6 1.644177e-2 5.865000e+6 1.746281e-2 5.870000e+6 1.874686e-2
  5.875000e+6 2.038902e-2 5.880000e+6 2.253620e-2 5.885000e+6 2.541743e-2
  5.890000e+6 2.939671e-2 5.895000e+6 3.508603e-2 5.900000e+6 4.354144e-2
  5.905000e+6 5.662889e-2 5.910000e+6 7.756640e-2 5.915000e+6 1.108360e-1
  5.916000e+6 1.192262e-1 5.917000e+6 1.281366e-1 5.918000e+6 1.374414e-1
  5.919000e+6 1.469605e-1 5.920000e+6 1.564623e-1 5.921000e+6 1.656027e-1
  5.922000e+6 1.739839e-1 5.923000e+6 1.811850e-1 5.924000e+6 1.867650e-1
  5.925000e+6 1.903473e-1 5.926000e+6 1.916783e-1 5.927000e+6 1.906796e-1
  5.928000e+6 1.874408e-1 5.929000e+6 1.822019e-1 5.930000e+6 1.753442e-1
  5.935000e+6 1.309288e-1 5.940000e+6 9.281968e-2 5.945000e+6 6.797605e-2
  5.950000e+6 5.258511e-2 5.955000e+6 4.292752e-2 5.960000e+6 3.673058e-2
  5.965000e+6 3.271261e-2 5.970000e+6 3.015987e-2 5.975000e+6 2.866813e-2
  5.980000e+6 2.796040e-2 5.982000e+6 2.780194e-2 5.984000e+6 2.761249e-2
  5.986000e+6 2.723102e-2 5.988000e+6 2.638765e-2 5.990000e+6 2.471419e-2
  5.992000e+6 2.201178e-2 5.994000e+6 1.869938e-2 5.995000e+6 1.712286e-2
  5.996000e+6 1.575598e-2 5.997000e+6 1.466429e-2 5.998000e+6 1.385652e-2
  5.999000e+6 1.330791e-2 6.000000e+6 1.297122e-2 6.001000e+6 1.279754e-2
  6.002000e+6 1.274286e-2 6.003000e+6 1.277117e-2 6.004000e+6 1.285753e-2
  6.006000e+6 1.312216e-2 6.008000e+6 1.344081e-2 6.010000e+6 1.376850e-2
  6.012000e+6 1.408519e-2 6.014000e+6 1.438488e-2 6.016000e+6 1.466660e-2
  6.018000e+6 1.493333e-2 6.020000e+6 1.518704e-2 6.025000e+6 1.578391e-2
  6.030000e+6 1.636383e-2 6.035000e+6 1.696883e-2 6.040000e+6 1.764491e-2
  6.045000e+6 1.845607e-2 6.050000e+6 1.951933e-2 6.055000e+6 2.107754e-2
  6.060000e+6 2.372284e-2 6.062000e+6 2.538882e-2 6.064000e+6 2.768299e-2
  6.066000e+6 3.097374e-2 6.068000e+6 3.592371e-2 6.070000e+6 4.379368e-2
  6.071000e+6 4.953294e-2 6.072000e+6 5.711568e-2 6.073000e+6 6.730618e-2
  6.074000e+6 8.120068e-2 6.075000e+6 1.003065e-1 6.076000e+6 1.264867e-1
  6.077000e+6 1.611482e-1 6.078000e+6 2.029797e-1 6.079000e+6 2.437112e-1
  6.080000e+6 2.675509e-1 6.082000e+6 2.352958e-1 6.084000e+6 1.661762e-1
  6.086000e+6 1.179219e-1 6.088000e+6 8.958856e-2 6.090000e+6 7.271812e-2
  6.092000e+6 6.217321e-2 6.094000e+6 5.526337e-2 6.096000e+6 5.055852e-2
  6.098000e+6 4.724768e-2 6.100000e+6 4.487697e-2 6.102000e+6 4.315403e-2
  6.104000e+6 4.189619e-2 6.106000e+6 4.098044e-2 6.108000e+6 4.032366e-2
  6.110000e+6 3.986789e-2 6.115000e+6 3.935404e-2 6.120000e+6 3.944321e-2
  6.125000e+6 3.991846e-2 6.130000e+6 4.065978e-2 6.140000e+6 4.266065e-2
  6.150000e+6 4.506489e-2 6.160000e+6 4.762943e-2 6.170000e+6 5.015629e-2
  6.175000e+6 5.134835e-2 6.180000e+6 5.246037e-2 6.190000e+6 5.438283e-2
  6.200000e+6 5.580356e-2 6.210000e+6 5.665174e-2 6.220000e+6 5.692533e-2
  6.225000e+6 5.686432e-2 6.230000e+6 5.668140e-2 6.240000e+6 5.601978e-2
  6.250000e+6 5.507340e-2 6.260000e+6 5.618728e-2 6.270000e+6 5.797841e-2
  6.272170e+6 5.798105e-2 6.272200e+6 5.798110e-2 6.275000e+6 5.760740e-2
  6.280000e+6 5.580783e-2 6.290000e+6 5.180398e-2 6.300000e+6 4.837855e-2
  6.302000e+6 4.751512e-2 6.304000e+6 4.687572e-2 6.306000e+6 4.676933e-2
  6.308000e+6 4.706192e-2 6.310000e+6 4.740952e-2 6.312000e+6 4.780214e-2
  6.314000e+6 4.823284e-2 6.316000e+6 4.869152e-2 6.318000e+6 4.917120e-2
  6.320000e+6 4.967195e-2 6.322000e+6 5.017463e-2 6.324000e+6 5.062036e-2
  6.325000e+6 5.075523e-2 6.326000e+6 5.085711e-2 6.328000e+6 5.110390e-2
  6.330000e+6 5.164671e-2 6.332000e+6 5.262549e-2 6.334000e+6 5.384858e-2
  6.336000e+6 5.507644e-2 6.338000e+6 5.624933e-2 6.340000e+6 5.760046e-2
  6.342000e+6 5.936952e-2 6.344000e+6 6.149746e-2 6.346000e+6 6.368274e-2
  6.348000e+6 6.569089e-2 6.350000e+6 6.762709e-2 6.352000e+6 6.955731e-2
  6.354000e+6 7.152667e-2 6.356000e+6 7.362980e-2 6.358000e+6 7.623992e-2
  6.360000e+6 7.979553e-2 6.362000e+6 8.431291e-2 6.364000e+6 8.894495e-2
  6.366000e+6 9.296674e-2 6.368000e+6 9.670520e-2 6.370000e+6 1.007995e-1
  6.372000e+6 1.058058e-1 6.374000e+6 1.115619e-1 6.375000e+6 1.145650e-1
  6.376000e+6 1.175883e-1 6.378000e+6 1.234349e-1 6.380000e+6 1.293415e-1
  6.382000e+6 1.363180e-1 6.384000e+6 1.456039e-1 6.386000e+6 1.569223e-1
  6.388000e+6 1.679782e-1 6.390000e+6 1.778349e-1 6.392000e+6 1.876726e-1
  6.394000e+6 1.975087e-1 6.396000e+6 2.073653e-1 6.398000e+6 2.172621e-1
  6.400000e+6 2.271494e-1 6.402000e+6 2.364957e-1 6.404000e+6 2.443429e-1
  6.406000e+6 2.508801e-1 6.408000e+6 2.553068e-1 6.410000e+6 2.569838e-1
  6.412000e+6 2.567509e-1 6.414000e+6 2.555280e-1 6.416000e+6 2.531252e-1
  6.418000e+6 2.478713e-1 6.420000e+6 2.398091e-1 6.422000e+6 2.314769e-1
  6.424000e+6 2.232947e-1 6.425000e+6 2.193067e-1 6.426000e+6 2.153407e-1
  6.428000e+6 2.074184e-1 6.430000e+6 1.994758e-1 6.432000e+6 1.910432e-1
  6.434000e+6 1.817905e-1 6.436000e+6 1.729486e-1 6.438000e+6 1.650854e-1
  6.440000e+6 1.576627e-1 6.442000e+6 1.506608e-1 6.444000e+6 1.440580e-1
  6.446000e+6 1.378654e-1 6.448000e+6 1.320534e-1 6.450000e+6 1.266310e-1
  6.452000e+6 1.215787e-1 6.452100e+6 1.212291e-1 6.452146e+6 1.211241e-1
  6.454000e+6 1.168965e-1 6.456000e+6 1.125745e-1 6.458000e+6 1.086017e-1
  6.460000e+6 1.049698e-1 6.462000e+6 1.016678e-1 6.464000e+6 9.869523e-2
  6.466000e+6 9.603835e-2 6.468000e+6 9.368949e-2 6.470000e+6 9.164063e-2
  6.472000e+6 8.988339e-2 6.474000e+6 8.841063e-2 6.475000e+6 8.777775e-2
  6.476000e+6 8.721189e-2 6.478000e+6 8.628096e-2 6.480000e+6 8.560726e-2
  6.482000e+6 8.512655e-2 6.484000e+6 8.479184e-2 6.486000e+6 8.462819e-2
  6.488000e+6 8.466254e-2 6.490000e+6 8.491891e-2 6.492000e+6 8.542333e-2
  6.494000e+6 8.619866e-2 6.496000e+6 8.727207e-2 6.498000e+6 8.866758e-2
  6.500000e+6 9.041085e-2 6.502000e+6 9.235711e-2 6.504000e+6 9.433869e-2
  6.506000e+6 9.634217e-2 6.508000e+6 9.835958e-2 6.510000e+6 1.003782e-1
  6.512000e+6 1.023848e-1 6.514000e+6 1.043733e-1 6.516000e+6 1.063417e-1
  6.518000e+6 1.082607e-1 6.520000e+6 1.101192e-1 6.522000e+6 1.119577e-1
  6.524000e+6 1.137967e-1 6.525000e+6 1.147109e-1 6.526000e+6 1.156383e-1
  6.528000e+6 1.174906e-1 6.530000e+6 1.193751e-1 6.532000e+6 1.212691e-1
  6.534000e+6 1.231909e-1 6.536000e+6 1.251086e-1 6.538000e+6 1.270502e-1
  6.540000e+6 1.290034e-1 6.542000e+6 1.309465e-1 6.544000e+6 1.328974e-1
  6.546000e+6 1.348440e-1 6.548000e+6 1.367842e-1 6.550000e+6 1.387265e-1
  6.552000e+6 1.406584e-1 6.554000e+6 1.425879e-1 6.556000e+6 1.445135e-1
  6.558000e+6 1.464324e-1 6.560000e+6 1.483431e-1 6.562000e+6 1.502136e-1
  6.564000e+6 1.520219e-1 6.566000e+6 1.537456e-1 6.568000e+6 1.553831e-1
  6.570000e+6 1.569223e-1 6.572000e+6 1.583612e-1 6.574000e+6 1.596777e-1
  6.575000e+6 1.602919e-1 6.576000e+6 1.608724e-1 6.578000e+6 1.619503e-1
  6.580000e+6 1.629136e-1 6.582000e+6 1.636129e-1 6.584000e+6 1.639380e-1
  6.586000e+6 1.639192e-1 6.588000e+6 1.635967e-1 6.590000e+6 1.629803e-1
  6.592000e+6 1.621205e-1 6.594000e+6 1.610374e-1 6.596000e+6 1.597607e-1
  6.598000e+6 1.583211e-1 6.600000e+6 1.567385e-1 6.602000e+6 1.550827e-1
  6.604000e+6 1.533644e-1 6.606000e+6 1.516036e-1 6.608000e+6 1.498001e-1
  6.610000e+6 1.479642e-1 6.612000e+6 1.460963e-1 6.614000e+6 1.442062e-1
  6.616000e+6 1.423041e-1 6.618000e+6 1.403901e-1 6.620000e+6 1.384746e-1
  6.622000e+6 1.365671e-1 6.624000e+6 1.346587e-1 6.625000e+6 1.337139e-1
  6.626000e+6 1.327784e-1 6.628000e+6 1.309043e-1 6.630000e+6 1.290659e-1
  6.632000e+6 1.272642e-1 6.634000e+6 1.254995e-1 6.636000e+6 1.237821e-1
  6.638000e+6 1.221128e-1 6.640000e+6 1.205017e-1 6.642000e+6 1.189394e-1
  6.644000e+6 1.173762e-1 6.646000e+6 1.158227e-1 6.648000e+6 1.142793e-1
  6.650000e+6 1.127565e-1 6.652000e+6 1.112346e-1 6.654000e+6 1.097343e-1
  6.656000e+6 1.082356e-1 6.658000e+6 1.067593e-1 6.660000e+6 1.052959e-1
  6.662000e+6 1.038454e-1 6.664000e+6 1.024089e-1 6.666000e+6 1.009985e-1
  6.668000e+6 9.960332e-2 6.670000e+6 9.822845e-2 6.672000e+6 9.687502e-2
  6.674000e+6 9.554334e-2 6.675000e+6 9.488585e-2 6.676000e+6 9.423445e-2
  6.678000e+6 9.294618e-2 6.680000e+6 9.167899e-2 6.682000e+6 9.043159e-2
  6.684000e+6 8.920625e-2 6.686000e+6 8.800291e-2 6.688000e+6 8.682133e-2
  6.690000e+6 8.566468e-2 6.692000e+6 8.453089e-2 6.694000e+6 8.342302e-2
  6.696000e+6 8.233865e-2 6.698000e+6 8.128128e-2 6.700000e+6 8.024955e-2
  6.710000e+6 7.725094e-2 6.720000e+6 7.750732e-2 6.725000e+6 7.830002e-2
  6.730000e+6 7.934438e-2 6.740000e+6 8.271801e-2 6.750000e+6 8.726095e-2
  6.775000e+6 9.933968e-2 6.800000e+6 1.126074e-1 6.820000e+6 1.113911e-1
  6.825000e+6 1.086032e-1 6.875000e+6 7.385281e-2 6.925000e+6 6.174905e-2
  6.975000e+6 6.668436e-2 7.000000e+6 7.427403e-2 7.025000e+6 8.083317e-2
  7.075000e+6 8.748534e-2 7.125000e+6 1.084229e-1 7.175000e+6 2.012152e-1
  7.200000e+6 2.340796e-1 7.225000e+6 1.954211e-1 7.275000e+6 1.232681e-1
  7.325000e+6 1.009240e-1 7.375000e+6 9.090866e-2 7.425000e+6 8.070080e-2
  7.475000e+6 7.438563e-2 7.500000e+6 7.085744e-2 7.525000e+6 6.771841e-2
  7.575000e+6 6.749175e-2 7.625000e+6 6.221620e-2 7.675000e+6 5.520450e-2
  7.725000e+6 4.769512e-2 7.775000e+6 5.852174e-2 7.825000e+6 6.679078e-2
  7.875000e+6 7.259936e-2 7.900000e+6 8.048761e-2 7.925000e+6 8.694866e-2
  7.975000e+6 9.121523e-2 8.000000e+6 9.434993e-2 8.025000e+6 9.767023e-2
  8.075000e+6 8.697780e-2 8.100000e+6 9.031368e-2 8.125000e+6 9.457858e-2
  8.150000e+6 9.993098e-2 8.175000e+6 1.063818e-1 8.200000e+6 1.098288e-1
  8.225000e+6 1.085117e-1 8.250000e+6 1.057137e-1 8.275000e+6 1.026465e-1
  8.300000e+6 1.009478e-1 8.325000e+6 1.014320e-1 8.350000e+6 1.029031e-1
  8.375000e+6 1.048251e-1 8.400000e+6 1.078193e-1 8.425000e+6 1.088563e-1
  8.450000e+6 1.060290e-1 8.475000e+6 1.033414e-1 8.500000e+6 1.033175e-1
  8.525000e+6 1.076328e-1 8.550000e+6 1.184568e-1 8.575000e+6 1.318673e-1
  8.600000e+6 1.446079e-1 8.625000e+6 1.572578e-1 8.650000e+6 1.698037e-1
  8.675000e+6 1.806535e-1 8.700000e+6 1.898929e-1 8.725000e+6 1.963528e-1
  8.745000e+6 1.990844e-1 8.775000e+6 1.974324e-1 8.825000e+6 1.818831e-1
  8.875000e+6 1.732774e-1 8.925000e+6 1.743536e-1 8.975000e+6 1.887525e-1
  9.000000e+6 1.914905e-1 9.025000e+6 1.886413e-1 9.075000e+6 1.711649e-1
  9.125000e+6 1.568008e-1 9.175000e+6 1.575891e-1 9.225000e+6 1.639828e-1
  9.275000e+6 1.679628e-1 9.325000e+6 1.747205e-1 9.375000e+6 1.836190e-1
  9.425000e+6 1.825920e-1 9.475000e+6 1.896861e-1 9.500000e+6 1.977783e-1
  9.525000e+6 2.053593e-1 9.575000e+6 2.087828e-1 9.625000e+6 2.090699e-1
  9.675000e+6 2.210898e-1 9.725000e+6 2.342027e-1 9.775000e+6 2.544522e-1
  9.825000e+6 2.378217e-1 9.875000e+6 2.392630e-1 9.925000e+6 2.384667e-1
  9.975000e+6 2.395246e-1 1.000000e+7 2.409328e-1 1.005000e+7 2.447732e-1
  1.015000e+7 2.602476e-1 1.025000e+7 2.840867e-1 1.035000e+7 2.990424e-1
  1.045000e+7 2.873920e-1 1.050000e+7 2.736624e-1 1.055000e+7 2.588878e-1
  1.065000e+7 2.254336e-1 1.075000e+7 2.047414e-1 1.085000e+7 1.761121e-1
  1.095000e+7 1.725478e-1 1.100000e+7 1.743535e-1 1.105000e+7 1.788409e-1
  1.115000e+7 1.982951e-1 1.125000e+7 2.122863e-1 1.135000e+7 2.230551e-1
  1.145000e+7 2.404764e-1 1.150000e+7 2.342390e-1 1.155000e+7 2.267571e-1
  1.165000e+7 2.305795e-1 1.175000e+7 2.455740e-1 1.185000e+7 2.322109e-1
  1.195000e+7 2.363637e-1 1.200000e+7 2.287889e-1 1.205000e+7 2.203899e-1
  1.215000e+7 2.062642e-1 1.225000e+7 1.870108e-1 1.235000e+7 1.904617e-1
  1.245000e+7 1.872666e-1 1.250000e+7 1.804409e-1 1.255000e+7 1.742371e-1
  1.265000e+7 1.754528e-1 1.275000e+7 1.770300e-1 1.285000e+7 1.767125e-1
  1.295000e+7 1.631051e-1 1.300000e+7 1.638111e-1 1.305000e+7 1.660844e-1
  1.315000e+7 1.725467e-1 1.325000e+7 1.605603e-1 1.335000e+7 1.615004e-1
  1.345000e+7 1.605414e-1 1.350000e+7 1.614343e-1 1.355000e+7 1.620011e-1
  1.365000e+7 1.565007e-1 1.375000e+7 1.484828e-1 1.385000e+7 1.421770e-1
  1.395000e+7 1.347695e-1 1.400000e+7 1.416575e-1 1.405000e+7 1.526599e-1
  1.415000e+7 1.363701e-1 1.425000e+7 1.423404e-1 1.435000e+7 1.498061e-1
  1.445000e+7 1.547785e-1 1.450000e+7 1.578506e-1 1.455000e+7 1.596287e-1
  1.465000e+7 1.549919e-1 1.475000e+7 1.504343e-1 1.485000e+7 1.459408e-1
  1.495000e+7 1.425808e-1 1.500000e+7 1.399825e-1 1.505000e+7 1.347858e-1
  1.515000e+7 1.196961e-1 1.525000e+7 1.158902e-1 1.535000e+7 1.177605e-1
  1.545000e+7 1.307019e-1 1.550000e+7 1.304350e-1 1.555000e+7 1.285832e-1
  1.565000e+7 1.203915e-1 1.575000e+7 1.149780e-1 1.585000e+7 1.093229e-1
  1.595000e+7 1.026394e-1 1.600000e+7 1.029915e-1 1.610000e+7 1.025995e-1
  1.620000e+7 9.615687e-2 1.630000e+7 9.168533e-2 1.640000e+7 8.864654e-2
  1.650000e+7 8.834272e-2 1.660000e+7 8.526429e-2 1.670000e+7 7.779590e-2
  1.680000e+7 7.146253e-2 1.690000e+7 6.763038e-2 1.700000e+7 6.425339e-2
  1.710000e+7 5.939224e-2 1.720000e+7 5.797355e-2 1.730000e+7 5.692792e-2
  1.740000e+7 5.394549e-2 1.750000e+7 5.169206e-2 1.760000e+7 5.088872e-2
  1.770000e+7 5.154728e-2 1.780000e+7 5.300563e-2 1.790000e+7 5.435721e-2
  1.800000e+7 5.459766e-2 1.810000e+7 5.872766e-2 1.820000e+7 6.238380e-2
  1.830000e+7 5.934601e-2 1.840000e+7 5.095559e-2 1.850000e+7 4.801315e-2
  1.860000e+7 5.949934e-2 1.870000e+7 6.408278e-2 1.880000e+7 5.998964e-2
  1.890000e+7 4.896850e-2 1.900000e+7 5.081802e-2 1.910000e+7 5.267749e-2
  1.920000e+7 4.507058e-2 1.930000e+7 4.377350e-2 1.940000e+7 4.642531e-2
  1.950000e+7 5.126750e-2 1.960000e+7 5.737815e-2 1.970000e+7 5.718101e-2
  1.980000e+7 4.972353e-2 1.990000e+7 4.371855e-2 2.000000e+7 4.017140e-2
  2.010000e+7 3.955390e-2 2.035000e+7 4.385727e-2 2.050000e+7 4.731577e-2
  2.065000e+7 4.805015e-2 2.095000e+7 4.402345e-2 2.100000e+7 4.333735e-2
  2.125000e+7 3.986577e-2 2.150000e+7 3.706007e-2 2.155000e+7 3.665525e-2
  2.185000e+7 3.538526e-2 2.200000e+7 3.491528e-2 2.215000e+7 3.427262e-2
  2.245000e+7 3.301324e-2 2.250000e+7 3.280866e-2 2.275000e+7 3.181144e-2
  2.300000e+7 3.086208e-2 2.305000e+7 3.067783e-2 2.335000e+7 2.958571e-2
  2.350000e+7 2.904705e-2 2.365000e+7 2.851238e-2 2.395000e+7 2.745282e-2
  2.400000e+7 2.727704e-2 2.425000e+7 2.638283e-2 2.450000e+7 2.543242e-2
  2.455000e+7 2.523682e-2 2.485000e+7 2.404032e-2 2.500000e+7 2.343478e-2
  2.515000e+7 2.284673e-2 2.545000e+7 2.176128e-2 2.550000e+7 2.158964e-2
  2.575000e+7 2.075750e-2 2.600000e+7 1.994633e-2 2.605000e+7 1.978482e-2
  2.635000e+7 1.885140e-2 2.650000e+7 1.840384e-2 2.665000e+7 1.795990e-2
  2.695000e+7 1.710047e-2 2.700000e+7 1.696288e-2 2.725000e+7 1.637087e-2
  2.750000e+7 1.592370e-2 2.755000e+7 1.584836e-2 2.785000e+7 1.547199e-2
  2.800000e+7 1.532072e-2 2.815000e+7 1.518724e-2 2.845000e+7 1.496152e-2
  2.850000e+7 1.492751e-2 2.875000e+7 1.476438e-2 2.900000e+7 1.460064e-2
  2.905000e+7 1.456646e-2 2.935000e+7 1.434158e-2 2.950000e+7 1.421124e-2
  2.965000e+7 1.406552e-2 2.995000e+7 1.372156e-2 3.000000e+7 1.345665e-2
  3.000001e+7 0.000000e+0 1.500000e+8 0.000000e+0                      
 
