3.035000900718199945e-01 9.737464523885725094e-04
1.226198002021839789e-01 1.000944110901696386e-03
6.068804720659014273e-02 1.004783868202067509e-03
7.740761160317550793e-01 9.495016651599894270e-04
3.035000900718199945e-01 9.737464523885725094e-04
1.226198002021839789e-01 1.000944110901696386e-03
6.068804720659014273e-02 1.004783868202067509e-03
1.158465207406335906e-01 9.828086066104003114e-04
1.691749469852535381e-01 9.488172677072369320e-04
3.031833996445884583e-01 9.524444282751899334e-04
7.548671530555217668e-02 9.718667128599883191e-04
1.242059898000601181e-01 9.788997505600868267e-04
1.161987677768317323e-01 9.482720512385228685e-04
1.419971175350875359e-01 9.697083391547185304e-04
1.119620755214619234e-01 9.984834752865753837e-04
3.760483932978278543e-02 9.691714098585275505e-04
6.430994393283163621e-03 9.466595625102299958e-04
1.120662356774458635e-01 9.887474215108616946e-04
-2.725258515183095476e-01 9.652371025770412364e-04
2.280673509448281344e-01 9.493989113197700332e-04
4.448596623026337266e-02 9.954798623053482884e-04
-2.776335714126747928e-02 9.720505268541309793e-04
5.238191509505137761e-02 9.730872718993026360e-04
5.842188515150789629e-02 9.570890898574161559e-04
1.327681391429028634e-01 1.048929858958500124e-03
1.602659801107382820e-01 1.001257576817964892e-03
1.696796405300803334e-01 9.649607456164129623e-04
-2.359507914804669648e-01 9.646592190406700230e-04
2.326479388736703569e-01 9.639449731648104536e-04
8.275584363553852019e-02 9.627252238525607240e-04
1.844498246670260855e-01 9.598075631100802876e-04
1.750735179194242708e-01 1.001314641982068744e-03
2.237618554849218899e-01 9.622050438572328892e-04
5.782840375719335013e-02 9.505134407171504348e-04
1.489641006155716374e-01 1.003940477331347015e-03
3.466929582102580842e-01 9.824741182947818469e-04
-3.190888831741906656e-02 1.129025960258332349e-03
3.675447860686087420e-02 1.043260580406977318e-03
5.954187501041504760e+01 8.746442040693061006e-04
-6.859773594447502940e-03 1.052590047180731276e-03
1.287258052189362401e+00 1.018193720239583822e-03
-1.747227144297094636e-01 9.622613727424782215e-04
-1.037691078967350883e-01 1.011797273543696418e-03
-2.288067429594921320e-01 9.588224967098457965e-04
-1.702851401901561978e-01 9.586694033241967327e-04
-2.085684795217877807e-02 1.001892593880200763e-03
-1.332968599311781799e-01 9.479810665838693615e-04
-3.475271225502369887e-01 9.487713029033632535e-04
-1.107327301234587447e-01 9.618641416867666945e-04
-2.024549529652769631e-01 9.777031993951279185e-04
-1.215868579349596024e-01 9.971751660670911694e-04
2.850632638231988172e-03 9.823719685055183008e-04
-3.734691716351017793e-02 9.644793120872447931e-04
-1.604890209750101104e-01 9.674981772262627577e-04
-1.906542358140251581e-01 9.773573830606503525e-04
-5.429706734973515081e-01 1.016946483946524257e-03
-2.530955242371425370e-02 9.707173363286351452e-04
-1.490248286122579369e-01 9.884762293733678068e-04
-7.567416999231350860e-02 9.730808827854013935e-04
-1.949746389818191317e-01 9.524042082364540243e-04
-6.090888000179499329e-02 9.776672300403676033e-04
-3.781916611547247314e-02 9.807566875499778344e-04
1.798866761833331149e-02 1.010214255051137709e-03
-6.909891274345773826e-02 9.669157520835532527e-04
-1.424060315817175237e-01 9.497384831235142775e-04
-8.391508587605374381e-02 1.006641134085611063e-03
-2.997180770004241601e-02 9.682217814423968059e-04
-5.184297310483342719e-02 9.718415763836885882e-04
-2.347342861908700007e-01 9.772285549626740300e-04
-5.353879787292935566e-01 1.017312837721722103e-03
-1.200188852154882163e-01 9.575720122147848064e-04
-4.365604128408402951e-01 9.631321459064609656e-04
3.137194925193652340e-02 9.790006384928747266e-04
-6.457455844817715229e-02 9.908149739422248466e-04
2.883871140990432180e-01 9.844830681014851443e-04
-1.475367325848024880e-01 1.022824624188210752e-03
-1.892505590829762525e+02 1.243957797245937415e-03
2.245074924049257972e-02 9.612907502926084854e-04
-1.945750476270279028e-01 9.594430339286983203e-04
-9.356666363584892690e-03 9.380032012526254293e-04
-3.936806800341834806e-02 9.976776231440758185e-04
-7.134290186593823802e-02 9.367163525116368322e-04
-3.793509742936416844e-03 9.667462443566460185e-04
-8.313157631271502757e-01 9.416719276015207045e-04
1.363254948018835511e-02 9.643954239289877781e-04
-2.927968034300889588e-01 9.508566846956889584e-04
-4.258205948848636097e-02 9.539289336117058940e-04
-4.482888534035152361e-02 9.537531598302957008e-04
-7.073697396928897707e-02 1.005170876169051049e-03
6.602761172966103986e-02 9.503814126959777946e-04
1.097202235360843908e-02 1.009128646944427695e-03
-9.639367564002372657e-02 9.566990562088558032e-04
-1.705260814097094291e-01 9.770724390239171001e-04
6.780004401293238114e-02 9.730153070672525190e-04
-1.561875510522177379e-01 1.024737501023858426e-03
2.170608128971404094e-01 9.443957139050412029e-04
-3.289691780632771345e-01 9.589650843268932240e-04
-2.268795531197933812e-01 9.585120432086369864e-04
1.045804977416992472e+02 -2.559999999999999716e+02
-8.285864516291447518e-03 9.613125379657780183e-04
-2.013347598969530972e-01 9.569983060961354459e-04
2.243572110444123080e-01 9.404305518328216458e-04
-4.001237660557051268e-03 9.535103069231988483e-04
-1.574398932916188099e-01 9.926677966217568698e-04
1.045804977416992472e+02 -2.559999999999999716e+02
-2.072774295656835686e-01 9.678156042820247173e-04
-1.619894307175240022e-01 1.001500641633748089e-03
-1.003577520752892693e-01 9.622693747784700569e-04
-1.145051528269008384e-01 9.767740427676370029e-04
1.008566043232962395e-01 9.672727131347911601e-04
-4.374349166303740377e-01 9.441119317785970702e-04
2.338205128447171932e-01 9.570478704570033928e-04
8.210088641825193101e-02 1.002536346272387552e-03
-1.243327904236135040e-01 9.855287844282305428e-04
1.003473663565321949e+01 9.520435332799552074e-04
6.377590553232961312e-01 9.801707297352019958e-04
2.696934297792085156e-01 9.754163974153111632e-04
2.671839964851536187e-01 1.004457939777511719e-03
1.438746897357516819e-01 9.746858865416225398e-04
-2.665746344864187711e-01 9.372056728737491061e-04
1.792643251110850322e-01 9.530741550455969560e-04
9.192895309658437319e-02 9.457960557961556146e-04
1.681110529628844497e-01 9.855866231552404006e-04
-7.165737549750381130e-02 9.561036262698601124e-04
1.134929744783029146e-02 1.000445924222412991e-03
-1.215298234723680981e-01 9.978774944594901580e-04
1.045804977416992472e+02 -2.559999999999999716e+02
-2.168376686818565546e-01 9.786919655637594390e-04
1.213511066461105681e-01 1.003335576639359473e-03
-1.187080963260143118e-01 9.350675344729213623e-04
1.045804977416992472e+02 -2.559999999999999716e+02
1.703260943790313175e-01 9.566139926437923968e-04
5.084678436465989160e-01 9.717145596339868711e-04
3.879246154163303317e-01 9.898232675988976031e-04
1.045804977416992472e+02 -2.559999999999999716e+02
5.834104563165632973e-01 9.589349370705610573e-04
2.081901634687060021e-01 9.495789162552906821e-04
-1.260638846823849447e-02 9.613209978926272456e-04
2.533576000397352868e-01 9.667478390897549321e-04
4.506907074049084638e-01 9.551300327687977645e-04
1.045804977416992472e+02 -2.559999999999999716e+02
-5.400229923522074926e-02 9.385671428893035398e-04
2.027789624382033695e-01 9.544864274844952262e-04
7.523430681093017103e-02 9.566078952015881487e-04
-2.363090510162460176e-02 9.926607450350193821e-04
1.229401477982999397e-01 9.608987529695913691e-04
7.914625944457041873e-03 9.551060090802606858e-04
1.336262402297983543e-01 9.658830114917554182e-04
1.565158982214789329e-01 9.601383302870836276e-04
1.045804977416992472e+02 -2.559999999999999716e+02
1.045804977416992472e+02 -2.559999999999999716e+02
2.010751491577285055e-01 9.659511343958891065e-04
