-1.126e+01 1.93664e-03
2.375e+00 1.18555e-03
8.978e+00 1.12183e-03
6.246e-01 1.06412e-03
1.062e-01 1.09245e-03
2.352e-01 1.12122e-03
1.544e-01 1.12549e-03
2.965e-01 1.10097e-03
-3.761e-02 1.06381e-03
8.621e-02 1.06830e-03
-4.871e-02 1.08923e-03
7.411e-02 1.09678e-03
-2.024e-01 1.06337e-03
-2.019e-01 1.08753e-03
1.837e-01 1.11799e-03
-1.311e-01 1.08618e-03
-1.111e-01 1.06155e-03
-8.007e-02 1.10864e-03
-2.251e-01 1.08251e-03
-3.639e-01 1.06494e-03
1.577e-02 1.11557e-03
-2.008e-01 1.09012e-03
-9.502e-02 1.09114e-03
1.235e-01 1.07222e-03
-2.580e-02 1.17548e-03
-3.768e-02 1.12252e-03
4.199e-01 1.08113e-03
-2.151e-01 1.08057e-03
2.694e-01 1.08096e-03
1.421e-01 1.07927e-03
8.153e-02 1.07572e-03
-1.757e-01 1.12288e-03
2.191e-01 1.07796e-03
1.205e-01 1.06547e-03
2.790e-01 1.12442e-03
3.647e-01 1.10158e-03
5.549e-02 1.26084e-03
-1.249e+00 1.17602e-03
1.483e-01 1.07728e-03
-2.770e-01 1.17627e-03
1.392e+00 1.14326e-03
5.973e-02 1.07799e-03
-4.102e-01 1.13465e-03
4.743e-03 1.07360e-03
2.562e-01 1.07345e-03
-6.016e-03 1.12279e-03
-3.327e-01 1.06263e-03
-1.302e-01 1.06255e-03
-9.241e-02 1.07770e-03
-1.325e-01 1.09534e-03
-8.998e-02 1.11752e-03
-3.246e-01 1.10158e-03
-2.056e-01 1.08181e-03
1.457e-02 1.08341e-03
-3.656e-01 1.09544e-03
-6.448e-01 1.14016e-03
-2.433e-01 1.08836e-03
-1.056e-01 1.10750e-03
-1.737e-01 1.09093e-03
-9.974e-02 1.06654e-03
-3.941e-01 1.09564e-03
-6.986e-02 1.09864e-03
6.880e-02 1.13203e-03
-2.366e-01 1.08465e-03
5.845e-02 1.06393e-03
-1.203e-01 1.12844e-03
2.152e-02 1.08435e-03
-2.723e-01 1.08908e-03
-1.772e-01 1.09424e-03
-4.936e-01 1.14000e-03
-1.223e-01 1.07290e-03
-3.283e-01 1.07888e-03
-3.815e-02 1.09769e-03
4.081e-02 1.11004e-03
-1.246e+00 1.11443e-03
-3.483e+01 1.72738e-03
-2.070e-01 1.08464e-03
1.127e-02 1.07807e-03
-1.127e-01 1.07662e-03
1.721e-02 1.05145e-03
1.479e-02 1.11893e-03
-1.004e-01 1.05096e-03
-5.043e-02 1.08479e-03
-5.012e-01 1.05563e-03
-2.464e-01 1.08244e-03
-3.508e-01 1.06692e-03
-6.998e-02 1.07004e-03
-2.239e-01 1.06987e-03
-2.120e-01 1.12751e-03
6.776e-02 1.06639e-03
-2.129e-01 1.13212e-03
-3.268e-02 1.07237e-03
-1.851e-01 1.09596e-03
-6.964e-02 1.09163e-03
-7.905e-02 1.14869e-03
-3.485e-02 1.05912e-03
3.000e-03 1.07493e-03
-3.140e-02 1.07425e-03
-3.140e-02 1.07425e-03
9.874e-02 1.07746e-03
1.181e-01 1.07266e-03
-1.160e-01 1.05451e-03
-1.315e-01 1.07017e-03
-1.896e-01 1.11344e-03
-1.896e-01 1.11344e-03
-1.977e-01 1.08572e-03
-1.178e-01 1.12331e-03
-1.433e-01 1.07921e-03
1.418e-01 1.09394e-03
3.819e-03 1.08496e-03
-1.891e-01 1.05896e-03
6.838e-02 1.07370e-03
-1.423e-01 1.12479e-03
-1.428e-01 1.10565e-03
2.368e-01 1.08404e-03
4.344e-01 1.09920e-03
2.003e-03 1.09465e-03
1.810e-01 1.12673e-03
1.491e-01 1.09324e-03
-2.823e-01 1.05121e-03
-1.156e-01 1.06957e-03
-1.157e-01 1.06168e-03
1.733e-02 1.10510e-03
-2.125e-02 1.07283e-03
2.357e-03 1.12250e-03
-1.497e-01 1.11941e-03
-1.497e-01 1.11941e-03
-2.686e-01 1.09823e-03
2.454e-01 1.12437e-03
1.477e-01 1.04854e-03
6.902e+02 -5.26276e-03
9.239e-02 1.07333e-03
1.321e-01 1.09041e-03
3.348e-01 1.11136e-03
5.185e+01 9.80179e-04
1.989e-01 1.07507e-03
9.910e-02 1.06505e-03
6.516e-02 1.07752e-03
1.371e-01 1.08417e-03
5.998e-02 1.07160e-03
4.853e+01 1.00391e-03
1.776e-01 1.05323e-03
-4.630e-02 1.07123e-03
9.055e-02 1.07214e-03
3.088e-02 1.11337e-03
-1.687e-02 1.07747e-03
-8.098e-02 1.07138e-03
4.076e-02 1.08338e-03
1.100e-01 1.07699e-03
1.100e-01 1.07699e-03
1.100e-01 1.07699e-03
5.692e-02 1.08360e-03
