6.353867007459887084e+00 9.733844514436651007e-04
1.048551686504494290e-01 1.055782658273105848e-03
1.260881888741399448e-01 1.016443845384170340e-03
5.296435629924948207e-01 9.491178156931091674e-04
3.453347780110410103e-01 9.748842530405019352e-04
2.066888055557759285e-01 1.001143401019033430e-03
1.391665000982129641e-01 1.005335854823658035e-03
1.642073018683731789e-02 9.842200069761514875e-04
7.317653979479625537e-02 9.491775751326909797e-04
-1.640997690699350642e-01 9.542305433449407934e-04
-1.543632382724050844e-01 9.731877100584793855e-04
-1.940490752216798495e-02 9.794541833158029037e-04
-2.769557461437368029e-01 9.496240524009931993e-04
-2.767938144799775846e-01 9.709424631936770193e-04
-1.171299938638791643e-01 9.996455484834905741e-04
-1.640376104101051169e-01 9.695545278397141786e-04
-1.544009997349652108e-01 9.478808008552743608e-04
7.266041235717086988e-02 9.901402721830619268e-04
-2.531796444896296516e-01 9.663447238183931918e-04
-2.769924173526305822e-01 9.510975939455043561e-04
-3.995669972390866742e-01 9.971847308207488873e-04
-2.672864414338770866e-01 9.735329396895495233e-04
6.130869549472569430e-02 9.735259854960524265e-04
-1.180272553507772243e-01 9.571821368658169635e-04
-2.627761006559694579e-01 1.050416288650009473e-03
-2.767899107624695598e-01 1.003175136653583011e-03
6.495826434847155884e-02 9.665858547860343292e-04
-3.991743128993145429e-01 9.653182014988821984e-04
1.958237717730071381e-01 9.649162567984097012e-04
1.618570745716093884e-01 9.629555031301847978e-04
-1.544864333451414495e-01 9.609885462627812880e-04
-2.674136047216582601e-01 1.002506320966794822e-03
-1.962378787201638983e-02 9.627543825508648109e-04
8.729794843274400751e-02 9.509636833731312851e-04
-2.927610504279224909e-02 1.003724259984946658e-03
4.648339178086947077e-01 9.820385904692086488e-04
2.816434410297385393e-01 1.117862324422784492e-03
-1.116142504382323652e+00 1.042137701739380201e-03
1.268845338739386985e+00 9.631799977189418492e-04
-2.714849060406362632e-02 1.044373203799578258e-03
1.736722259414098746e+00 1.020745393520100606e-03
-3.994200248857471824e-01 9.64541380000000000e-04
-8.131680462985665381e-01 1.013524915840323740e-03
-6.103641706306461856e-02 9.581207522565501509e-04
-3.991959878016662633e-01 9.587658600473871352e-04
-2.769487150558234134e-01 1.001503080080990826e-03
-2.443457438701367723e-01 9.478589410952283209e-04
-2.445897237045073780e-01 9.487788576449303910e-04
-2.532030583331561502e-01 9.628784673328405225e-04
-2.528337149146864249e-01 9.779519478676980838e-04
-3.994200248857471824e-01 9.986053067588523263e-04
-2.443059985512263665e-01 9.826502069276244009e-04
7.277638750504895893e-02 9.645662466055670561e-04
-4.124370749165867100e-01 9.678369562120330786e-04
-6.046458857145277088e-01 9.779410861192458157e-04
-3.253642937019852188e-01 1.016465357468053238e-03
-2.529253713441524387e-01 9.707989351049533611e-04
-3.995364349590317943e-01 9.884040557086592755e-04
-2.673046076989369912e-01 9.730080116132035955e-04
-2.529521413067641333e-01 9.516839216716745705e-04
-4.605385204489114703e-01 9.776849033318497917e-04
-2.529470003649597065e-01 9.801885148874765145e-04
9.842341887573032022e-02 1.009951820418294099e-03
-3.992679818941648473e-01 9.681415804890233312e-04
-4.676176340727049019e-01 9.503698936491492087e-04
-2.765772280198841027e-01 1.006877229560351836e-03
-3.994869231618546901e-01 9.687868227484812324e-04
0.000000000000000000e+00 0.000000000000000000e+00
-1.787538824855422204e-01 9.772243307116449795e-04
-6.700774240140390248e-01 1.017782490023942926e-03
-6.565108848114202533e-02 9.572589012616305407e-04
-6.701602026498676423e-01 9.632677941414585039e-04
-3.991114523079962173e-01 9.799040125675229519e-04
-5.649428693296461995e-02 9.903626431886922502e-04
2.067086080722523034e-01 9.588886999886789709e-04
-6.374456675949508044e-01 1.004872804187459433e-03
-3.575907016772816860e-02 9.965513867641584943e-04
1.080412453831437886e-01 9.664458530521875031e-04
-2.850132704621728408e-01 9.682218752073432425e-04
6.214697212260489323e-02 9.742479573970611777e-04
-2.530679144714819695e-01 9.613244982823874107e-04
-4.213971368687907670e-02 9.520070749304435174e-04
1.925401091066820392e-01 9.641426286794673979e-04
-7.858697518371021706e-01 9.644248249397611083e-04
9.842455995283216907e-02 9.684785525707118904e-04
1.389438107980822679e-02 9.648370296589290317e-04
3.813997109340334646e-01 9.473476384646845180e-04
-1.091050947892426848e-01 9.932196132092854790e-04
9.812435226604065974e-02 9.381401239098510888e-04
-3.995133393237135233e-01 1.000634473854698564e-03
-4.358949687427487452e-01 1.017142620020918247e-03
1.859611141590372940e-01 9.491826834599362359e-04
-1.326346778392917258e-01 1.012594515935860565e-03
-2.531898651751589568e-01 9.565113840050766016e-04
8.718831007449050208e-02 9.528426578252485605e-04
7.266588198785939312e-02 9.474377196733266586e-04
-8.317992763371269416e-02 9.699835861968233953e-04
-1.788418062593943036e-01 9.743094179190705780e-04
0.000000000000000000e+00 0.000000000000000000e+00
9.823073113102509524e-02 9.700902629444773393e-04
-1.828359951277131190e-01 9.535865045753889315e-04
-3.684138999191569758e-02 9.648580966591397551e-04
-1.966129552096921029e-01 9.757416343238626633e-04
7.291697597289233113e-02 9.394474714501272481e-04
0.000000000000000000e+00 0.000000000000000000e+00
1.194124432302790667e-01 9.426725547311448931e-04
-3.742160640161955598e-01 9.947251498433867366e-04
0.000000000000000000e+00 0.000000000000000000e+00
-8.335789542369791139e-02 9.584143026332453841e-04
9.845527248281389643e-02 9.972737384349415757e-04
5.642337477780257071e-02 9.489794675711333638e-04
7.285450006895644037e-02 9.768802748073128223e-04
3.738729660828236240e-02 9.688077908674536890e-04
-1.293450009620376873e-01 9.615645426691482632e-04
2.600839629452214585e-01 9.669674321412073670e-04
5.549188290792699263e-01 9.590018025365355065e-04
-2.630162646995207187e-01 9.595372405678441810e-04
1.715113098236618894e-01 9.665943063169487844e-04
3.294005771119070114e-01 9.556267046321457103e-04
-3.936548225094611553e-01 9.614624692466805251e-04
-1.069337104700783386e-01 9.844777320855552499e-04
-1.093748401514176294e-01 9.562676969624886014e-04
7.271041131442264327e-02 9.629865841392084517e-04
-2.433179589822126732e-01 9.876571698666110864e-04
-1.092666645884416282e-01 1.007618411640007509e-03
-1.091911348051629177e-01 9.528525177311290362e-04
0.000000000000000000e+00 0.000000000000000000e+00
1.700777994070298005e-01 9.615828632175138502e-04
4.225693024293377675e-01 1.034948801905941551e-03
-4.735531217390113318e-02 9.968599895219868150e-04
-3.996699168995594964e-01 9.860332831629241897e-04
1.292242969551959109e-01 9.628004088142690965e-04
2.615493240769713526e-02 9.835619232162848714e-04
1.734561847652761057e-01 9.454616199048594119e-04
6.673805595241523170e-01 9.473829897538943792e-04
2.323537060625161244e-01 9.499663486449014737e-04
-1.090265034049101162e-01 9.589944392438931164e-04
9.857615894388042921e-02 9.453377301815155988e-04
-1.547733005606156953e-01 4.564979514764008588e-04
7.288079559346745395e-02 9.580924037375063325e-04
2.067516500612403829e-01 9.459073069458440218e-04
1.082715120653953561e-01 9.569960061905403732e-04
9.840828449652387622e-02 9.963886645402110151e-04
5.726076139950843080e-01 9.539393498607019349e-04
1.014976299502071272e-01 9.427721004222216778e-04
-1.092722226344070152e-01 9.554072033389177749e-04
0.000000000000000000e+00 0.000000000000000000e+00
3.189984035244985416e-01 9.688613798942038828e-04
1.623059967894656952e-01 9.260763396453902240e-04
0.000000000000000000e+00 0.000000000000000000e+00
8.324172319779184204e-02 9.772622089181766045e-04
8.691179347230597318e-02 9.783845124849178954e-04
